 ============================ 
   --- project xbis ---
 ============================ 
===== Configure the lemmatizer =====
===== Configuring stop words removal =====
===== Reading bib and transforming to text =====
[1202, 1608, 1608, 2000, 2002, 2008, 2010, 2011, 2011, 2011, 2011, 2012, 2012, 2012, 2012, 2012, 2012, 2012, 2012, 2012, 2012, 2012, 2012, 2012, 2012, 2012, 2012, 2013, 2013, 2013, 2013, 2013, 2013, 2013, 2013, 2013, 2013, 2013, 2013, 2013, 2013, 2013, 2013, 2013, 2013, 2013, 2013, 2013, 2013, 2013, 2013, 2013, 2013, 2013, 2013, 2013, 2013, 2013, 2013, 2014, 2014, 2014, 2014, 2014, 2014, 2014, 2014, 2014, 2014, 2014, 2014, 2014, 2014, 2014, 2014, 2014, 2014, 2014, 2014, 2014, 2014, 2014, 2014, 2014, 2014, 2014, 2014, 2014, 2014, 2014, 2014, 2014, 2014, 2014, 2014, 2014, 2014, 2014, 2014, 2014, 2014, 2014, 2014, 2014, 2014, 2014, 2014, 2014, 2014, 2014, 2014, 2014, 2014, 2015, 2015, 2015, 2015, 2015, 2015, 2015, 2015, 2015, 2015, 2015, 2015, 2015, 2015, 2015, 2015, 2015, 2015, 2015, 2015, 2015, 2015, 2015, 2015, 2015, 2015, 2015, 2015, 2015, 2015, 2015, 2015, 2015, 2015, 2015, 2015, 2015, 2015, 2015, 2015, 2015, 2015, 2015, 2015, 2015, 2015, 2015, 2015, 2015, 2015, 2015, 2015, 2015, 2015, 2015, 2016, 2016, 2016, 2016, 2016, 2016, 2016, 2016, 2016, 2016, 2016, 2016, 2016, 2016, 2016, 2016, 2016, 2016, 2016, 2016, 2016, 2016, 2016, 2016, 2016, 2016, 2016, 2016, 2016, 2016, 2016, 2016, 2016, 2016, 2016, 2016, 2016, 2016, 2016, 2016, 2016, 2016, 2016, 2016, 2016, 2016, 2016, 2016, 2016, 2016, 2016, 2016, 2016, 2016, 2016, 2016, 2016, 2016, 2016, 2016, 2016, 2016, 2016, 2016, 2016, 2016, 2016, 2017, 2017, 2017, 2017, 2017, 2017, 2017, 2017, 2017, 2017, 2017, 2017, 2017, 2017, 2017, 2017, 2017, 2017, 2017, 2017, 2017, 2017, 2017, 2017, 2017, 2017, 2017, 2017, 2017, 2017, 2017, 2017, 2017, 2017, 2017, 2017, 2017, 2018, 2018, 2018, 2018]
===== Executing Text Filter =====
===== Reading text and vectorizing =====
(276, 43656)
===== Feature selection - SelectKBest =====
(276, 1000)
===== Decision Tree Classifier =====
===== Hyperparameter tunning  =====
class_weight : balanced
criterion : gini
max_depth : 10
min_samples_split : 100
OUR APPROACH F-measure: 0.8277879212863732 on average and 0.09561212302584661 SD
OUR APPROACH Precision: 0.7951581149255568 on average and 0.10568383514227732 SD
OUR APPROACH Recall: 0.9101483090408796 on average and 0.07295248963106574 SD
===== SVM Classifier =====
===== Hyperparameter tunning  =====
C : 10
class_weight : None
kernel : rbf
tol : 0.001
OUR APPROACH F-measure: 0.9291506387298063 on average and 0.04389848942575486 SD
OUR APPROACH Precision: 0.903968253968254 on average and 0.046472077477242336 SD
OUR APPROACH Recall: 0.9607456233066628 on average and 0.03910758033770763 SD
decision_tree -> Threashold 0.000000, Recall 1.000000, Precision 0.159420
[[ 0 58]
 [ 0 11]]
svm -> Threashold 0.020505, Recall 1.000000, Precision 0.733333
[[54  4]
 [ 0 11]]
