 ============================ 
   --- project xbis ---
 ============================ 
===== Configure the lemmatizer =====
===== Configuring stop words removal =====
===== Reading bib and transforming to text =====
[1202, 1608, 1608, 2000, 2002, 2008, 2010, 2011, 2011, 2011, 2011, 2012, 2012, 2012, 2012, 2012, 2012, 2012, 2012, 2012, 2012, 2012, 2012, 2012, 2012, 2012, 2012, 2013, 2013, 2013, 2013, 2013, 2013, 2013, 2013, 2013, 2013, 2013, 2013, 2013, 2013, 2013, 2013, 2013, 2013, 2013, 2013, 2013, 2013, 2013, 2013, 2013, 2013, 2013, 2013, 2013, 2013, 2013, 2013, 2014, 2014, 2014, 2014, 2014, 2014, 2014, 2014, 2014, 2014, 2014, 2014, 2014, 2014, 2014, 2014, 2014, 2014, 2014, 2014, 2014, 2014, 2014, 2014, 2014, 2014, 2014, 2014, 2014, 2014, 2014, 2014, 2014, 2014, 2014, 2014, 2014, 2014, 2014, 2014, 2014, 2014, 2014, 2014, 2014, 2014, 2014, 2014, 2014, 2014, 2014, 2014, 2014, 2014, 2015, 2015, 2015, 2015, 2015, 2015, 2015, 2015, 2015, 2015, 2015, 2015, 2015, 2015, 2015, 2015, 2015, 2015, 2015, 2015, 2015, 2015, 2015, 2015, 2015, 2015, 2015, 2015, 2015, 2015, 2015, 2015, 2015, 2015, 2015, 2015, 2015, 2015, 2015, 2015, 2015, 2015, 2015, 2015, 2015, 2015, 2015, 2015, 2015, 2015, 2015, 2015, 2015, 2015, 2015, 2016, 2016, 2016, 2016, 2016, 2016, 2016, 2016, 2016, 2016, 2016, 2016, 2016, 2016, 2016, 2016, 2016, 2016, 2016, 2016, 2016, 2016, 2016, 2016, 2016, 2016, 2016, 2016, 2016, 2016, 2016, 2016, 2016, 2016, 2016, 2016, 2016, 2016, 2016, 2016, 2016, 2016, 2016, 2016, 2016, 2016, 2016, 2016, 2016, 2016, 2016, 2016, 2016, 2016, 2016, 2016, 2016, 2016, 2016, 2016, 2016, 2016, 2016, 2016, 2016, 2016, 2016, 2017, 2017, 2017, 2017, 2017, 2017, 2017, 2017, 2017, 2017, 2017, 2017, 2017, 2017, 2017, 2017, 2017, 2017, 2017, 2017, 2017, 2017, 2017, 2017, 2017, 2017, 2017, 2017, 2017, 2017, 2017, 2017, 2017, 2017, 2017, 2017, 2017, 2018, 2018, 2018, 2018]
===== Executing Text Filter =====
===== Reading text and vectorizing =====
(276, 43656)
===== Feature selection - SelectKBest =====
(276, 50)
===== Decision Tree Classifier =====
===== Hyperparameter tunning  =====
class_weight : balanced
criterion : entropy
max_depth : 10
min_samples_split : 100
OUR APPROACH F-measure: 0.8277879212863732 on average and 0.09561212302584661 SD
OUR APPROACH Precision: 0.7951581149255568 on average and 0.10568383514227732 SD
OUR APPROACH Recall: 0.9101483090408796 on average and 0.07295248963106574 SD
===== SVM Classifier =====
===== Hyperparameter tunning  =====
C : 1
class_weight : None
kernel : rbf
tol : 1
OUR APPROACH F-measure: 0.9161359802963219 on average and 0.07114667768228934 SD
OUR APPROACH Precision: 0.9113142292490118 on average and 0.07731106946543506 SD
OUR APPROACH Recall: 0.9218111970771545 on average and 0.06406136364623215 SD
decision_tree -> Threashold 0.000000, Recall 1.000000, Precision 0.159420
[[ 0 58]
 [ 0 11]]
svm -> Threashold 0.019083, Recall 1.000000, Precision 0.785714
[[55  3]
 [ 0 11]]
