 ============================ 
   --- project xbis ---
 ============================ 
===== Configure the lemmatizer =====
===== Configuring stop words removal =====
===== Reading bib and transforming to text =====
[1202, 1608, 1608, 2000, 2002, 2008, 2010, 2011, 2011, 2011, 2011, 2012, 2012, 2012, 2012, 2012, 2012, 2012, 2012, 2012, 2012, 2012, 2012, 2012, 2012, 2012, 2012, 2013, 2013, 2013, 2013, 2013, 2013, 2013, 2013, 2013, 2013, 2013, 2013, 2013, 2013, 2013, 2013, 2013, 2013, 2013, 2013, 2013, 2013, 2013, 2013, 2013, 2013, 2013, 2013, 2013, 2013, 2013, 2013, 2014, 2014, 2014, 2014, 2014, 2014, 2014, 2014, 2014, 2014, 2014, 2014, 2014, 2014, 2014, 2014, 2014, 2014, 2014, 2014, 2014, 2014, 2014, 2014, 2014, 2014, 2014, 2014, 2014, 2014, 2014, 2014, 2014, 2014, 2014, 2014, 2014, 2014, 2014, 2014, 2014, 2014, 2014, 2014, 2014, 2014, 2014, 2014, 2014, 2014, 2014, 2014, 2014, 2014, 2015, 2015, 2015, 2015, 2015, 2015, 2015, 2015, 2015, 2015, 2015, 2015, 2015, 2015, 2015, 2015, 2015, 2015, 2015, 2015, 2015, 2015, 2015, 2015, 2015, 2015, 2015, 2015, 2015, 2015, 2015, 2015, 2015, 2015, 2015, 2015, 2015, 2015, 2015, 2015, 2015, 2015, 2015, 2015, 2015, 2015, 2015, 2015, 2015, 2015, 2015, 2015, 2015, 2015, 2015, 2016, 2016, 2016, 2016, 2016, 2016, 2016, 2016, 2016, 2016, 2016, 2016, 2016, 2016, 2016, 2016, 2016, 2016, 2016, 2016, 2016, 2016, 2016, 2016, 2016, 2016, 2016, 2016, 2016, 2016, 2016, 2016, 2016, 2016, 2016, 2016, 2016, 2016, 2016, 2016, 2016, 2016, 2016, 2016, 2016, 2016, 2016, 2016, 2016, 2016, 2016, 2016, 2016, 2016, 2016, 2016, 2016, 2016, 2016, 2016, 2016, 2016, 2016, 2016, 2016, 2016, 2016, 2017, 2017, 2017, 2017, 2017, 2017, 2017, 2017, 2017, 2017, 2017, 2017, 2017, 2017, 2017, 2017, 2017, 2017, 2017, 2017, 2017, 2017, 2017, 2017, 2017, 2017, 2017, 2017, 2017, 2017, 2017, 2017, 2017, 2017, 2017, 2017, 2017, 2018, 2018, 2018, 2018]
===== Executing Text Filter =====
===== Reading text and vectorizing =====
(276, 43656)
===== Feature selection - SelectKBest =====
(276, 300)
===== Decision Tree Classifier =====
===== Hyperparameter tunning  =====
class_weight : balanced
criterion : entropy
max_depth : 10
min_samples_split : 100
OUR APPROACH F-measure: 0.8277879212863732 on average and 0.09561212302584661 SD
OUR APPROACH Precision: 0.7951581149255568 on average and 0.10568383514227732 SD
OUR APPROACH Recall: 0.9101483090408796 on average and 0.07295248963106574 SD
===== SVM Classifier =====
===== Hyperparameter tunning  =====
C : 100
class_weight : None
kernel : rbf
tol : 0.1
OUR APPROACH F-measure: 0.9386459437865339 on average and 0.03049531875709646 SD
OUR APPROACH Precision: 0.9170117322291236 on average and 0.02832306600717124 SD
OUR APPROACH Recall: 0.9642917225974429 on average and 0.0341078164112878 SD
decision_tree -> Threashold 0.000000, Recall 1.000000, Precision 0.159420
[[ 0 58]
 [ 0 11]]
svm -> Threashold 0.009476, Recall 1.000000, Precision 0.164179
[[ 2 56]
 [ 0 11]]
